1696110438.2972589 0.0 0.0 -2.7736624753554873e-05
1696110438.3975737 0.0 0.0 1.2861358106297516e-07
1696110438.4975064 0.0 0.0 2.7887689418026884e-05
1696110438.5975542 0.0 0.0 2.7887689418026884e-05
1696110438.6976855 0.0 0.0 8.351617591484395e-05
1696110438.7976203 0.0 0.0 0.00011127584779827004
1696110438.8976629 0.0 0.0 0.00011127584779827004
1696110438.997755 0.0 0.0 0.00011127584779827004
1696110439.097537 0.0 0.0 0.0001389930679281115
1696110439.1975498 0.0 0.0 0.0001389930679281115
1696110439.2974746 0.0 0.0 0.00016674995826138073
1696110439.3975682 0.0 0.0 0.00019455373758300865
1696110439.4975154 0.0 0.0 0.0001667906218755788
1696110439.597506 0.0 0.0 0.00019456579096702176
1696110439.697678 0.0 0.0 0.00019456579096702176
1696110439.7976809 0.0 0.0 0.00019456579096702176
1696110439.8976114 0.0 0.0 0.00022232427075752348
1696110439.9974968 0.0 0.0 0.0002500702335723193
1696110440.0975616 0.0 0.0 0.0002500702335723193
1696110440.1976392 0.0 0.0 0.0002500702335723193
1696110440.2975826 0.0 0.0 0.0002500702335723193
1696110440.3976226 0.0 0.0 0.00027785911173239253
1696110440.4974368 0.0 0.0 0.00033331143338594105
1696110440.597575 0.0 0.0 0.00033331143338594105
1696110440.6974876 0.0 0.0 0.0003610649461225912
1696110440.797455 0.0 0.0 0.0003610649461225912
1696110440.8975785 0.0 0.0 0.00038887700386730506
1696110440.9975054 0.0 0.0 0.00041663449024703647
1696110441.0976894 0.0 0.0 0.000388805610746612
1696110441.197518 0.0 0.0 0.000388805610746612
1696110441.297534 0.0 0.0 0.000388805610746612
1696110441.3975544 0.0 0.0 0.0004443725057756698
1696110441.497364 0.0 0.0 0.0004443725057756698
1696110441.5974343 0.0 0.0 0.0004443725057756698
1696110441.6975915 0.0 0.0 0.00047219396780900924
1696110441.7977433 0.0 0.0 0.0005278338454159925
1696110441.897749 0.0 0.0 0.0005278338454159925
1696110441.9976912 0.0 0.0 0.0005278338454159925
1696110442.0977252 0.0 0.0 0.0005834082903669047
1696110442.1974366 0.0 0.0 0.0005557106735429307
1696110442.297499 0.0 0.0 0.0005835057770771646
1696110442.3975613 0.0 0.0 0.0006113008806113984
1696110442.4973776 0.0 0.0 0.0006390276374846349
1696110442.5975819 0.0 0.0 0.0006390276374846349
1696110442.6974251 0.0 0.0 0.0006390276374846349
1696110442.7975597 0.0 0.0 0.0006390276374846349
1696110442.8976195 0.0 0.0 0.0006390276374846349
1696110442.9975348 0.0 0.0 0.0006390276374846349
1696110443.0976348 0.0 0.0 0.0006390276374846349
1696110443.1973855 0.0 0.0 0.0006113190931421875
1696110443.2975326 0.0 0.0 0.0005835004788863896
1696110443.3974137 0.0 0.0 0.0006389900203301324
1696110443.4973977 0.0 0.0 0.0006945366497794758
1696110443.597628 0.0 0.0 0.0006666948559390373
1696110443.6976843 0.0 0.0 0.0006389014743168053
1696110443.7976823 0.0 0.0 0.0006944559185975419
1696110443.8974392 0.0 0.0 0.0006944559185975419
1696110443.9974263 0.0 0.0 0.0007500042699588871
1696110444.0973842 0.0 0.0 0.0007777703658986279
1696110444.1972811 0.0 0.0 0.0007222720824401063
1696110444.2974582 0.0 0.0 0.0007222720824401063
1696110444.3973622 0.0020396829054652615 1.4732062758271475e-06 -0.0008595421868037578
1696110444.4973812 0.025964946509004577 -1.909157218632263e-05 -0.007360775526068203
1696110444.597227 0.08013573913105393 -0.0004178378182647239 0.0009042448612731346
1696110444.6975644 0.15302661209855706 -0.00035192660298585094 -0.017128591469139615
1696110444.7974648 0.2380537094000865 -0.0018084634630489726 -0.014464578495696628
1696110444.897586 0.32964805748581943 -0.003133429506898368 -0.023308622872826007
1696110444.997439 0.4175746083667725 -0.0051832475518503954 -0.027912946394158006
1696110445.0975204 0.5012565008347326 -0.007519662554337522 -0.02435449497335687
1696110445.1975853 0.5813963906566876 -0.00947181508094553 -0.02082442452618563
1696110445.297622 0.6611389893256945 -0.011132648892603979 -0.029244173637184595
1696110445.3973513 0.7431411228780956 -0.01353141739010554 -0.02547662232268047
1696110445.4975712 0.827783851003429 -0.01568829487350937 -0.016540342420502313
1696110445.5974572 0.9125863788024636 -0.01709108565029861 0.04205940706777808
1696110445.6974277 0.993866691445078 -0.013670466638500318 0.0765770273263898
1696110445.7976546 1.0772439976996688 -0.007273170819216079 0.09110992438059226
1696110445.89769 1.1696495851616602 0.0011692684857407386 0.08883133967018816
1696110445.9975145 1.2655302312959784 0.009708948781221484 0.08702895407604436
1696110446.0975337 1.362539299445034 0.018172926146929308 0.08561201522229286
1696110446.1974947 1.462523544345754 0.026753753247956508 0.08930502047778952
1696110446.2976773 1.5582879878637212 0.035328807424919076 0.06587343854250513
1696110446.3978286 1.6525984020564084 0.04155036038468445 0.06832158140791952
1696110446.497658 1.748562965170455 0.04811703166368503 0.07336851411821263
1696110446.597646 1.8475778283186253 0.055394668094370825 0.07034110019864079
1696110446.697448 1.9472036591225161 0.06241403944173219 0.07219852677962754
1696110446.7976975 2.0471410682008964 0.06964193629121908 0.07100110181061478
1696110446.8975677 2.1474829676287683 0.0767783176120921 0.07016885005949666
1696110446.9974966 2.2496818637397804 0.0839612893558815 0.07497098675719135
1696110447.0973666 2.3506772078247566 0.09154722792058448 0.08895278212769261
1696110447.1971347 2.450742178054948 0.10047183678818031 0.0970450885463284
1696110447.2971573 2.5503495577916526 0.11016870379125353 0.10074036632829605
1696110447.397098 2.6525356992926192 0.1204979392839727 0.08955255158597128
1696110447.4972656 2.7550326825242246 0.12970142175796276 0.09278017147738934
1696110447.597352 2.8581756912490284 0.13929860163122512 0.09086184780653492
1696110447.6973302 2.959283590247196 0.14851081776248395 0.10344243896859803
1696110447.7971728 3.060266749806332 0.15899418062557066 0.10629904515495467
1696110447.8972275 3.1617372713365386 0.1698212108907932 0.09676605168261374
1696110447.9972358 3.2633198620027875 0.17968175328968464 0.10504451212230612
1696110448.0976992 3.3650204848329106 0.19040431346565298 0.10482126020851676
1696110448.197257 3.466078349295874 0.20103629434367068 0.09541857168287701
1696110448.2977457 3.5659217663878304 0.21059222953290946 0.1131436553124909
1696110448.397218 3.664767903611748 0.22182401160144313 0.12007908383354812
1696110448.4975097 3.7664560975093497 0.23409366551794886 0.11216718034500014
1696110448.597366 3.8674939892594726 0.24547457055463054 0.12340102242029924
1696110448.6972554 3.9686876675611042 0.25802574767998043 0.13683058105495458
1696110448.7976825 4.069156220011242 0.2718593598068242 0.13328773448512218
1696110448.8973637 4.167797509884706 0.28508545001365737 0.13240167989484639
1696110448.997456 4.266630755899118 0.2982481427546875 0.14355086265186975
1696110449.09742 4.366209443017385 0.31264175428332963 0.146410940941168
1696110449.1972702 4.463586445844117 0.3270015662521042 0.13750763373129435
1696110449.2975278 4.561258337377348 0.3405174924683699 0.10514669704983068
1696110449.3974447 4.649551331724927 0.34983557423638967 0.07211859883770264
1696110449.497659 4.741413186556596 0.3564720320948604 0.06379524918959409
1696110449.597267 4.835254879216561 0.3624668210681875 0.06656213655711249
1696110449.6973753 4.933447043778945 0.36901237091659755 0.06400381123837026
1696110449.7975256 5.033463218930518 0.3754225427668771 0.05949704545526832
1696110449.8972633 5.133580424831408 0.3813862593621041 0.06426228861755409
1696110449.9972184 5.236044368703491 0.38797990586185593 0.0870298351917693
1696110450.0972006 5.338283588300372 0.39690030127039205 0.09133462712902049
1696110450.1972368 5.438747513290563 0.4061017368083204 0.0966976759523561
1696110450.297228 5.5400406385879215 0.41592718982618926 0.10736341717741735
1696110450.397194 5.642802581326385 0.42700265114974884 0.09675593410825198
1696110450.497348 5.745991558281963 0.437018070347423 0.10190274524926221
1696110450.5971973 5.846225645459525 0.44726770155251405 0.11133294992855622
1696110450.6973882 5.948597589447375 0.4587123969513543 0.10526583571788525
1696110450.7974417 6.049001678510471 0.469320729549728 0.09425994540810653
1696110450.8973582 6.1506518068590585 0.4789307434283696 0.09439871821182153
1696110450.9974034 6.251384497479702 0.4884681267318421 0.09237002380319034
1696110451.097272 6.35107963588787 0.4977032493619437 0.08770949210355902
1696110451.197207 6.4495029024301855 0.5063581092882874 0.07449585727470784
1696110451.2972455 6.547419569730468 0.5136660191031016 0.0730230678041783
1696110451.3972542 6.646259920496431 0.5208965011747011 0.08171827108861415
1696110451.4971702 6.746641393190901 0.5291178100181508 0.09390246971334457
1696110451.5971997 6.848561660392283 0.5387166044337559 0.09387468377247934
1696110451.697271 6.949431998037836 0.5482136894344527 0.09470861212142825
1696110451.797434 7.050979168863594 0.5578599397014526 0.09493119653335283
1696110451.8972914 7.152456654749599 0.5675223620091358 0.08305926989395188
1696110451.99715 7.251359213061004 0.5757560793798038 0.08832958085706347
1696110452.0972304 7.353413776866096 0.5847940335123543 0.08832958090366708
1696110452.1971474 7.455726162005997 0.5938548203120777 0.08197375350932637
1696110452.2971225 7.556271203512407 0.6021153858858533 0.08016864729416698
1696110452.397284 7.657992075632817 0.6102877260208902 0.07708033272113271
1696110452.4974048 7.76114116259759 0.6182542756436022 0.07271395394831684
1696110452.597462 7.863224537081681 0.6256902715509766 0.07632712806733613
1696110452.6972036 7.965670821906896 0.6335249226149079 0.0738058795348582
1696110452.7971454 8.065836369425785 0.6409311818929905 0.0761378532564361
1696110452.897207 8.167776698645799 0.6487077323474922 0.06546460979323745
1696110452.9973822 8.269483480431363 0.6553754549505504 0.06457416406244734
1696110453.0975173 8.371292515549476 0.6619588413499922 0.06985907154095086
1696110453.19738 8.47347162200902 0.6691086136311667 0.0669741458277773
1696110453.2972958 8.57536055874879 0.6759427594650798 0.05986902616245862
1696110453.3972826 8.677611273387507 0.6820717346211127 0.06078557180933711
1696110453.4972503 8.78042974504514 0.6883293231373496 0.06678363476273333
1696110453.5972745 8.882172107432663 0.6951341675738625 0.08075924210506472
1696110453.697622 8.984381771547865 0.703406534686384 0.0745432704917495
1696110453.7974677 9.08514337403003 0.7109315773742957 0.06957872277849944
1696110453.8977602 9.188160426522813 0.7181109616606267 0.06308757263028156
1696110453.9975958 9.28979609046953 0.7245314291623793 0.057457951810547386
1696110454.097125 9.391108876210732 0.730359068890019 0.06367853095788625
1696110454.1974418 9.49492364799531 0.736978791027854 0.06601925543608303
1696110454.2973058 9.595992003058052 0.7436609595702599 0.0654089753611278
1696110454.397327 9.695885245657571 0.7502042082780684 0.06460324972621992
1696110454.497302 9.798656276828035 0.7568528029242527 0.06421445767241432
1696110454.5973263 9.901449959722221 0.7634627313610801 0.05865755670765163
1696110454.6972485 10.002334909942995 0.7693871923907529 0.0604617072616315
1696110454.797308 10.106086764651968 0.7756678617665915 0.06282422349846054
1696110454.897362 10.207413949692837 0.7820420517543095 0.04909458693482174
1696110454.9971626 10.308911544767719 0.7870290415814145 0.052947998395899726
1696110455.0972798 10.410040880712211 0.7923886469694478 0.05200244681441504
1696110455.1973698 10.512350888635863 0.7977138187872738 0.05303114988146476
1696110455.2973976 10.61358730794402 0.803087540969204 0.06322842855331814
1696110455.3971689 10.716127473024946 0.8095796482336545 0.07223555613672375
1696110455.4970286 10.81816472725447 0.8169632129293066 0.06937845862210104
1696110455.597139 10.919702728435096 0.8240190874233114 0.07735947394707346
1696110455.697284 11.022007524707318 0.8319491580982398 0.0697929551668203
1696110455.797359 11.125742734680477 0.839200923368876 0.06478920476800934
1696110455.897361 11.226457213148755 0.8457352798580963 0.09953991692429778
1696110455.9972243 11.323716507325297 0.8554485635008044 0.09157859312044306
1696110456.0974174 11.421189009525781 0.8643999962668746 0.09681089545499102
1696110456.1973596 11.521627999547224 0.8741540767703989 0.09281320725088929
1696110456.297258 11.62498601813825 0.883774706818951 0.09958409437105101
1696110456.397355 11.728300020027977 0.8940972836843523 0.09644215501733147
1696110456.4973006 11.834293447428825 0.9043513292352641 0.09113948868429436
1696110456.5971453 11.938642073360983 0.9138880295174603 0.08914259466020172
1696110456.6973174 12.044111796583476 0.923314857329993 0.0854139686938841
1696110456.7972958 12.149457566185612 0.9323348034168405 0.08749685306763491
1696110456.8973217 12.253513490248254 0.941462674624928 0.08802476752342261
1696110456.9973292 12.356710669042846 0.9505701170370404 0.08933042143657591
1696110457.0972536 12.459233797881163 0.9597529905591986 0.09077377289278879
1696110457.1973295 12.561959861381444 0.9691035194418762 0.08382405310589328
1696110457.2974706 12.66420711441316 0.9776944293038694 0.07745396960475084
1696110457.3972867 12.76593245103713 0.9855892540793002 0.07390495320208182
1696110457.4971824 12.86910206793732 0.993227912157615 0.07570862573940165
1696110457.59726 12.971411695239492 1.0009884664141178 0.07579202376566221
1696110457.6973524 13.075286843797691 1.0088764839869566 0.07167711348093511
1696110457.7972317 13.179989276945621 1.0163941308234494 0.07275913884126164
1696110457.897282 13.284315372359499 1.0239982308513618 0.06772883664455878
1696110457.9972844 13.38631801991956 1.0309173345020581 0.0604230969702684
1696110458.097458 13.488268716685099 1.03708501913721 0.06607176779092863
1696110458.1973724 13.591256230964142 1.043899505317441 0.05769004719499374
1696110458.2974129 13.692920592671575 1.049771042356885 0.06483182239892751
1696110458.3972912 13.792386432933998 1.0562286440392965 0.07443123788330122
1696110458.4972017 13.892986620782613 1.0637302987499109 0.0638296241496317
1696110458.5972667 13.994151088351558 1.0701963724825074 0.06252322007891212
1696110458.6973872 14.097953057315538 1.0766948759218165 0.056488176062696766
1696110458.7973745 14.201030520550033 1.0825237349283752 0.05334968706464774
1696110458.8973596 14.304199621404589 1.0880330019710276 0.050183491552823895
1696110458.997376 14.407387438772107 1.0932156783172258 0.032319458814027896
1696110459.0971575 14.510697613022446 1.0965557702814512 0.025390187476064724
1696110459.1972709 14.61359445695509 1.099168901992305 0.026780651262483107
1696110459.2974648 14.715471651526007 1.1018978920564488 0.017707529923291193
1696110459.3972456 14.81886445136257 1.103728914533812 0.018511319692469802
1696110459.4972851 14.921670380243581 1.1056322053541363 0.019817390798849727
1696110459.597385 15.02459671213731 1.107672203759255 0.017731978381124752
1696110459.6973808 15.128288473982222 1.109511056568537 0.020926290486693394
1696110459.797468 15.231260474748865 1.1116661931627856 0.01214086141292528
1696110459.8973505 15.334280421208526 1.1129170055129185 0.009699286714364402
1696110459.9974005 15.438344596811158 1.1139263854418444 -0.0014451688643799254
1696110460.0973537 15.540439710537182 1.113778840659566 0.0014146024610040275
1696110460.1975567 15.643904534562752 1.113925202351888 0.007315448084877635
1696110460.2974298 15.748380250033112 1.114689502658633 0.001877914223161331
1696110460.3971086 15.851546638776409 1.1148832405151492 0.001933291287297606
1696110460.4975321 15.955575706660246 1.115084359256283 -0.0014978476011035802
1696110460.5975957 16.054429488349758 1.1149362912457867 0.02071070485258722
1696110460.6973279 16.14749609430564 1.1168640418867315 0.04051862001050657
1696110460.7973876 16.24312714425122 1.1207410019704152 0.03826727559788792
1696110460.897583 16.341413374405626 1.1245039852245253 0.0318659019525063
1696110460.9975138 16.44287082211516 1.1277381130626642 0.039610536163528415
1696110461.0972593 16.545539583915392 1.1318070060110952 0.054600070124162264
1696110461.197486 16.64985052979421 1.137508057360355 0.05604778825600934
1696110461.2975817 16.75500664171885 1.1434080040910652 0.05232200211982277
1696110461.3971226 16.85679913582462 1.1487388566377552 0.07361270454471483
1696110461.497189 16.953989272569796 1.155906236409452 0.09954658507194838
1696110461.5971975 17.05179928424225 1.1656751789139794 0.09140700519301961
1696110461.6974833 17.152391513942632 1.1748957076039772 0.09491700710577525
1696110461.7973883 17.254281265233804 1.1845959258883971 0.0900882648995465
1696110461.8975246 17.356786931686436 1.1938555471248948 0.09437187270236705
1696110461.997524 17.458308033917046 1.2034648275247721 0.0941496517928955
1696110462.0973186 17.55543026053608 1.212635965504746 0.10906340442127996
1696110462.1972866 17.65133181074859 1.2231369840445534 0.1439688820644585
1696110462.297431 17.738792623109138 1.235816342565329 0.1783517880643353
1696110462.3974755 17.828334315534853 1.2519577771320118 0.18493804993267074
1696110462.497499 17.922018250159766 1.269483766839196 0.19024485262930083
1696110462.5975397 18.02065294982992 1.288478221672362 0.18879982068009007
1696110462.697494 18.12268530079677 1.3079741096495952 0.193603183312876
1696110462.797376 18.223623016928514 1.3277638471152804 0.195933760696303
1696110462.8975375 18.325096201078548 1.3479042621723996 0.19014664882460555
1696110462.9974484 18.42669916081754 1.3674599783785013 0.19281094154252146
1696110463.0973873 18.5273364973041 1.3871080427665954 0.1958923900577534
1696110463.197376 18.628366424753377 1.4071561358649016 0.18603239357003212
1696110463.2976563 18.72919359911494 1.4261326769001321 0.1943333725115344
1696110463.3977287 18.83156596975903 1.4462813268452006 0.19163697780979796
1696110463.497561 18.934866481148426 1.4663234749519052 0.19310673099292444
1696110463.5976489 19.037189557670164 1.486332078601619 0.20269848606502563
1696110463.6974761 19.139973813895935 1.5074563966328494 0.2053328173467899
1696110463.797455 19.240859771615188 1.5284677179713175 0.20830441322103546
1696110463.8975806 19.340412790272186 1.5495102859463878 0.19751310341018538
1696110463.997315 19.43775588497873 1.5689908049035852 0.17809261784030397
1696110464.0972593 19.531138678104618 1.5857996767778748 0.1856994940444701
1696110464.1975756 19.627937518994234 1.6039846871586052 0.17137655685144473
1696110464.2975314 19.72978530035627 1.6216119182378879 0.15471725831184394
1696110464.3975606 19.830331180894525 1.6372934263446588 0.15571755049750416
1696110464.4976983 19.931482818455773 1.65317306916017 0.15610697505350893
1696110464.5972931 20.033054264708625 1.6691591488373099 0.14960564579370186
1696110464.6971855 20.12779232524966 1.683439194818655 0.1436675990930563
1696110464.7973194 20.22349203802496 1.6972835248523475 0.13612974215690302
1696110464.8975437 20.32143739076409 1.7106997765894787 0.13671438365573255
1696110464.9977548 20.420299869130403 1.7243005416567783 0.14979750513422022
1696110465.0977235 20.522065634113343 1.7396598556350666 0.13408020799756318
1696110465.1977 20.621939735971793 1.7531318236859448 0.1502430813850211
1696110465.2977011 20.722164929288407 1.768304300420932 0.16452101653893794
1696110465.3976707 20.826369090559457 1.7856044459780813 0.1577175281717942
1696110465.4976077 20.925812369277505 1.8014197463127501 0.15388661122073802
1696110465.5975854 21.0261538894223 1.8169840168401579 0.1599963614998581
1696110465.697779 21.12851369292033 1.8335024045942188 0.14418805279087457
1696110465.797838 21.23068237620955 1.8483368545642702 0.1429929031961397
1696110465.8975947 21.332665280549687 1.86301989739376 0.13878095307074292
1696110465.997474 21.43515097852676 1.8773349820302643 0.12926467856898685
1696110466.0973995 21.53669854818667 1.8905350998400585 0.13459403965994812
1696110466.1973798 21.636780858550374 1.904087517822273 0.13373309773413491
1696110466.2975173 21.738468581669345 1.9177681869415433 0.12324647892694787
1696110466.3974895 21.836815677072707 1.9299508664438845 0.12763414985120394
1696110466.4976401 21.939264206437265 1.9430982675226438 0.1366477028750808
1696110466.5976996 22.042025622221036 1.9572284375907043 0.12647498536298943
1696110466.6976566 22.141722912622342 1.969905315910795 0.1330277215326632
1696110466.7975066 22.242479855132405 1.9833884103545614 0.1366611498877113
1696110466.8976233 22.342897091842158 1.9971976208006823 0.12962516835150598
1696110466.9975986 22.442239951729697 2.0101475684100545 0.13334647288076698
1696110467.0977602 22.544411160299166 2.0238530689514302 0.1426392394755425
1696110467.1975815 22.643303868469356 2.038055501208584 0.14205694838654861
1696110467.2977068 22.744514522611286 2.052530679682028 0.14208476100908077
1696110467.3976183 22.84571956594819 2.067007928061264 0.15862565645159468
1696110467.497763 22.94708770420965 2.0832237522918544 0.15345151759280243
1696110467.5974014 23.048895778425976 2.098970145616833 0.1608690474014796
1696110467.6975355 23.149599223488888 2.115311421170208 0.1704374205588333
1696110467.7978017 23.250816321553152 2.132731609031821 0.16687239938147116
1696110467.897592 23.332708031308616 2.1465253487691673 0.17294297786267923
1696110467.997718 23.307731884193398 2.142162314131128 0.1692438773036247
1696110468.0977476 23.268402001638627 2.135441681993299 0.14868226406171517
1696110468.1975517 23.2447614363736 2.131900617273215 0.12414707359942725
1696110468.2976353 23.242083159220293 2.1315663981853765 0.020282548069043865
1696110468.39759 23.251812629983654 2.1317637637087548 -0.11423968812065197
1696110468.4975343 23.25930118725572 2.1309045321457565 -0.21362879931911435
1696110468.597335 23.264264472756814 2.129827801693711 -0.33078388230660893
1696110468.6975358 23.270559905236187 2.127665944181431 -0.4797210229899105
1696110468.7975786 23.26726050820971 2.129382476290285 -0.6134449174235255
1696110468.8975456 23.261643748160456 2.1333370066152804 -0.7194654798596543
1696110468.9976568 23.259498349257075 2.135216639175348 -0.8529471333822056
1696110469.0976462 23.261382251962043 2.1330593416067196 -1.0183185197507254
1696110469.1975858 23.266408629280143 2.124906515355813 -1.1648133035837458
1696110469.297417 23.268967577706 2.1189535855874406 -1.3628393908420589
1696110469.3976796 23.268674261895402 2.120343658559894 -1.5331187706683562
1696110469.497674 23.268143411380052 2.1344262941650185 -1.5162586004231753
1696110469.5975673 23.267835612570845 2.1400644753032827 -1.5190334152085079
1696110469.6976717 23.267778794706164 2.1411611506634207 -1.5186163138501598
1696110469.7973578 23.267706707518247 2.142541406181833 -1.5186716950319972
1696110469.8976135 23.26770511582156 2.142571914884472 -1.5182818116367922
1696110469.997334 23.267785664841668 2.1410394821673706 -1.51808791070254
1696110470.0971613 23.267792075356724 2.1409179725885505 -1.5181433703092058
1696110470.1972423 23.268913978963123 2.1196301527628187 -1.4467244787986306
1696110470.2973533 23.27436543188149 2.0759179702235215 -1.4172751586028927
1696110470.3972304 23.284716056372034 2.0090270035637157 -1.419994035682541
1696110470.4972498 23.296758250795015 1.929779066005801 -1.4272176625543609
1696110470.5972142 23.3094918947639 1.8417017538376639 -1.4246352494397385
1696110470.6975145 23.324043346576595 1.742854078289928 -1.444110227551505
1696110470.7973921 23.336488926493484 1.6451406952666008 -1.459896436783385
1696110470.8971837 23.347540958704876 1.545891848772123 -1.4508043201422005
1696110470.9973779 23.359471874561052 1.4469385902844583 -2.3575062848171946
1696110471.0972927 23.287201999849213 1.374858073748569 -2.369912371222245
1696110471.1973112 23.214153208891023 1.3037864337381997 -2.3680786985844833
1696110471.2972894 23.137101021879634 1.2285442302123584 -2.359219518445311
1696110471.3974578 23.065097647177353 1.1569751675143305 -2.368373803283445
1696110471.4973235 22.990723452875738 1.0843909146569748 -2.376418538476342
1696110471.5974805 22.91699093226654 1.0135820055105769 -2.3760290389583782
1696110471.6971805 22.843359481194938 0.9428150081502575 -2.388630008265238
1696110471.7974083 22.769316760011566 0.8734261952648585 -2.3852333985038796
1696110471.897291 22.693384577306 0.8017807118731066 -2.3903662545416835
1696110471.9971192 22.61797201067935 0.7313536822657951 -2.4020683428054155
1696110472.097187 22.54152371843822 0.661616202671087 -2.3898100304607026
1696110472.1972802 22.466540758623633 0.5915122555270738 -2.398067712962584
1696110472.2970781 22.390767773607628 0.5218333711866192 -2.409405870394845
1696110472.3972003 22.317784232408695 0.4562311382266625 -2.4478138640825793
