1696217330.9507422 0.0 0.0 2.7742783900330803e-05
1696217331.05084 0.0 0.0 5.554768908749841e-05
1696217331.1506093 0.0 0.0 2.7833979009045384e-05
1696217331.2505672 0.0 0.0 5.560007494878616e-05
1696217331.3508368 0.0 0.0 5.560007494878616e-05
1696217331.4507504 0.0 0.0 5.560007494878616e-05
1696217331.5508702 0.0 0.0 8.34111392827297e-05
1696217331.6508076 0.0 0.0 0.00011117153966738735
1696217331.7508292 0.0 0.0 0.00011117153966738735
1696217331.8509364 0.0 0.0 0.00011117153966738735
1696217331.950619 0.0 0.0 0.00011117153966738735
1696217332.0506198 0.0 0.0 0.00013894955653637187
1696217332.150573 0.0 0.0 0.00019447909932046592
1696217332.2511046 0.0 0.0 0.00019447909932046592
1696217332.3513477 0.0 0.0 0.00022232440321229285
1696217332.4510128 0.0 0.0 0.00022232440321229285
1696217332.5506947 0.0 0.0 0.0002500138078405656
1696217332.6511052 0.0 0.0 0.0002779056033564431
1696217332.7510035 0.0 0.0 0.0002501560642628742
1696217332.8511627 0.0 0.0 0.0002501560642628742
1696217332.950637 0.0 0.0 0.0002501560642628742
1696217333.051111 0.0 0.0 0.0003059748882632829
1696217333.15064 0.0 0.0 0.0003059748882632829
1696217333.2510784 0.0 0.0 0.0003059748882632829
1696217333.3509974 0.0 0.0 0.0003337301891393196
1696217333.4512024 0.0 0.0 0.0003893996041598735
1696217333.550681 0.0 0.0 0.0003893996041598735
1696217333.6508791 0.0 0.0 0.0003893996041598735
1696217333.7511015 0.0 0.0 0.00044507868837859177
1696217333.8511875 0.0 0.0 0.00041727702833327385
1696217333.95091 0.0 0.0 0.00044497775784432814
1696217334.0511687 0.0 0.0 0.00047282736651615975
1696217334.1506457 0.0 0.0 0.000500459881820986
1696217334.2506442 0.0 0.0 0.000500459881820986
1696217334.3511117 0.0 0.0 0.000500459881820986
1696217334.451153 0.0 0.0 0.000500459881820986
1696217334.550809 0.0 0.0 0.000500459881820986
1696217334.6510158 0.0 0.0 0.000500459881820986
1696217334.7510302 0.0 0.0 0.000500459881820986
1696217334.8508952 0.0 0.0 0.0004727196145612733
1696217334.9510388 0.0 0.0 0.00044490192748886104
1696217335.0510113 0.0 0.0 0.0005004421991092745
1696217335.1508167 0.0 0.0 0.0005558896199363561
1696217335.2509623 0.0 0.0 0.0005280714030448663
1696217335.3507826 0.0 0.0 0.0005003435203060902
1696217335.451182 0.0 0.0 0.0005561208859636846
1696217335.551038 0.0 0.0 0.0005561208859636846
1696217335.650636 0.0 0.0 0.0006114530711414101
1696217335.7506545 0.0 0.0 0.0006392359888368615
1696217335.850635 0.0 0.0 0.0005836912137542893
1696217335.9509962 0.0 0.0 0.0005836912137542893
1696217336.0510862 0.0 0.0 -0.0010010675249045309
1696217336.1511168 0.0 0.0 -0.007503060227315561
1696217336.2510269 0.0 0.0 0.0007672690793832371
1696217336.3511631 0.0 0.0 -0.017229445446026392
1696217336.450632 0.650816948204181 0.0 -0.014576940142946693
1696217336.5510714 0.650816948204181 0.0 -0.023449078969982107
1696217336.650798 0.650816948204181 0.42356880172557754 -0.028047586799960722
1696217336.7512162 0.650816948204181 0.42356880172557754 -0.024477165706560722
1696217336.8506773 0.650816948204181 0.42356880172557754 -0.02096840001166117
1696217336.9509144 0.650816948204181 0.42356880172557754 -0.02940502538343831
1696217337.051133 0.650816948204181 0.42356880172557754 -0.025618991860690332
1696217337.151078 0.650816948204181 0.42356880172557754 -0.016707223573100893
1696217337.2511036 0.650816948204181 0.8471376034511551 0.04197449104054024
1696217337.350983 0.650816948204181 0.8471376034511551 0.07646058249434057
1696217337.451071 0.650816948204181 0.8471376034511551 0.0909733594052316
1696217337.5509908 0.650816948204181 0.8471376034511551 0.08869740855778191
1696217337.651099 0.650816948204181 1.2707064051767327 0.08688990027533344
1696217337.7511072 0.650816948204181 1.2707064051767327 0.08547311679101749
1696217337.8510895 0.650816948204181 1.2707064051767327 0.08916690598006421
1696217337.9510574 0.650816948204181 1.2707064051767327 0.065785511156846
1696217338.0510807 0.650816948204181 1.2707064051767327 0.06823052438108884
1696217338.1510746 0.650816948204181 1.2707064051767327 0.0732857739263893
1696217338.250759 0.650816948204181 1.6942752069023101 0.07026755673850121
1696217338.3507957 0.650816948204181 1.6942752069023101 0.07212935399598647
1696217338.4506063 0.650816948204181 1.6942752069023101 0.07093717178547881
1696217338.5508337 0.650816948204181 1.6942752069023101 0.07010194377560969
1696217338.6509314 0.650816948204181 2.1178440086278876 0.07491219226811358
1696217338.7506363 0.650816948204181 2.1178440086278876 0.08887088964657314
1696217338.850806 0.650816948204181 2.1178440086278876 0.09699576192369169
1696217338.9507792 0.650816948204181 2.1178440086278876 0.10068921639953726
1696217339.0508468 0.650816948204181 2.5414128103534654 0.08948720277118466
1696217339.1508994 0.650816948204181 2.5414128103534654 0.0927111197571236
1696217339.2509952 0.650816948204181 2.5414128103534654 0.09079261786837806
1696217339.3509326 0.650816948204181 2.5414128103534654 0.10336807885869775
1696217339.4508471 0.650816948204181 2.964981612079043 0.10622674511399027
1696217339.5508304 0.650816948204181 2.964981612079043 0.09670056643944208
1696217339.6508188 0.650816948204181 2.964981612079043 0.10497738881107993
1696217339.75091 0.650816948204181 2.964981612079043 0.10475496394461059
1696217339.8508704 0.650816948204181 3.3885504138046203 0.09531426619853844
1696217339.9509013 0.650816948204181 3.3885504138046203 0.11295860540239344
1696217340.0507872 0.650816948204181 3.3885504138046203 0.11992287495457843
1696217340.1509738 0.650816948204181 3.3885504138046203 0.11201926604884305
1696217340.2509398 0.650816948204181 3.3885504138046203 0.1232654462852838
1696217340.350842 0.650816948204181 3.3885504138046203 0.13669673583883535
1696217340.4508128 0.650816948204181 3.8121192155301977 0.13316998768820865
1696217340.5507932 0.650816948204181 3.8121192155301977 0.1322812734061638
1696217340.6508746 0.650816948204181 3.8121192155301977 0.1434292345328454
1696217340.7508926 0.650816948204181 3.8121192155301977 0.1462908612845557
1696217340.8509345 0.650816948204181 4.235688017255775 0.1373704618473366
1696217340.9507856 0.650816948204181 4.235688017255775 0.10514073551956615
1696217341.0508158 0.650816948204181 4.235688017255775 0.07207520227885
1696217341.1507099 0.650816948204181 4.235688017255775 0.06377844670009525
1696217341.2508202 0.650816948204181 4.659256818981352 0.06655928817733336
1696217341.3507576 0.650816948204181 4.659256818981352 0.06400533148155585
1696217341.4507535 0.650816948204181 4.659256818981352 0.05950551798449677
1696217341.551052 0.650816948204181 4.659256818981352 0.06429756442926493
1696217341.6508799 0.650816948204181 5.082825620706931 0.08703611135680678
1696217341.7507977 0.650816948204181 5.082825620706931 0.09133813167800131
1696217341.8510065 0.650816948204181 5.082825620706931 0.09671043458599282
1696217341.9508162 0.650816948204181 5.082825620706931 0.10735679714847546
1696217342.0507438 0.650816948204181 5.082825620706931 0.09675336189689343
1696217342.15096 0.650816948204181 5.082825620706931 0.10190335857507105
1696217342.2508318 0.650816948204181 5.506394422432508 0.11133570239887991
1696217342.350975 0.650816948204181 5.506394422432508 0.1052714757020814
1696217342.4508245 0.650816948204181 5.506394422432508 0.09428803488558923
1696217342.550877 0.650816948204181 5.506394422432508 0.09442699676840827
1696217342.6507525 0.650816948204181 5.929963224158086 0.09240174459422479
1696217342.7510672 0.650816948204181 5.929963224158086 0.08772039577363488
1696217342.8510253 0.650816948204181 5.929963224158086 0.07450370309409637
1696217342.9507232 0.650816948204181 5.929963224158086 0.07303592948696125
1696217343.051037 0.650816948204181 6.353532025883663 0.08175766611062063
1696217343.1510918 0.650816948204181 6.353532025883663 0.0939587856989893
1696217343.2509804 0.650816948204181 6.353532025883663 0.09393103889847562
1696217343.3510494 0.650816948204181 6.353532025883663 0.09476494737921523
1696217343.450914 0.650816948204181 6.777100827609241 0.09498686845765478
1696217343.550715 0.650816948204181 6.777100827609241 0.08312163131353331
